202418987 MI1111 20251 9.5
202418987 MI2010 20251 9.0
202418987 IT1110 20251 8.5
202418001 MI1111 20241 8.0
202418001 IT1110 20241 8.5
202418001 PH1110 20242 7.5
202418002 MI1111 20241 5.5
202418002 PH1110 20242 6.0
202418002 EM1170 20242 7.0
202418003 MI1111 20241 4.5
202418003 IT1110 20241 5.0
202418003 PH1110 20242 4.0
202418004 MI1111 20241 9.0
202418004 MI1121 20242 8.5
202418004 MI2010 20251 8.5
202418005 MI1111 20241 3.5
202418005 IT1110 20241 4.0
202418006 MI1111 20241 8.0
202418006 IT1110 20241 9.0
202418006 PH1110 20242 8.5
202418007 MI1111 20241 7.0
202418007 IT1110 20241 7.5
202418008 MI1111 20241 6.5
202418008 IT1110 20241 6.0
202418009 MI1111 20241 5.0
202418009 IT1110 20241 4.5
202418010 MI1111 20241 9.5
202418010 IT1110 20241 9.0
202418011 MI1111 20241 7.5
202418011 PH1110 20242 8.0
202418012 MI1111 20241 8.0
202418012 PH1110 20242 7.0
202418013 MI1111 20241 6.0
202418013 PH1110 20242 6.5
202418014 MI1111 20241 5.5
202418014 PH1110 20242 5.0
202418015 MI1111 20241 8.5
202418015 IT1110 20241 8.0
202418016 MI1111 20241 7.0
202418016 IT1110 20241 6.5
202418017 MI1111 20241 4.5
202418017 IT1110 20241 5.5
202418018 MI1111 20241 9.0
202418018 MI1121 20242 8.5
202418018 MI2010 20251 9.5
202418019 MI1111 20241 8.0
202418019 MI1121 20242 7.5
202418019 MI2010 20251 8.0
202418020 MI1111 20241 7.0
202418020 MI1121 20242 6.5
202418020 MI2010 20251 7.0
202418021 MI1111 20241 6.0
202418021 MI1121 20242 5.5
202418021 MI2010 20251 6.0
202418022 MI1111 20241 5.0
202418022 MI1121 20242 4.5
202418022 MI2010 20251 5.0
202418023 MI1111 20241 8.5
202418023 MI1121 20242 9.0
202418023 MI2010 20251 8.5
202418024 MI1111 20241 7.5
202418024 MI1121 20242 8.0
202418024 MI2010 20251 7.5
202418025 MI1111 20241 6.5
202418025 MI1121 20242 7.0
202418025 MI2010 20251 6.5
202418026 MI1111 20241 9.5
202418026 MI1121 20242 9.0
202418026 MI2010 20251 9.5
202418027 MI1111 20241 4.0
202418027 MI1121 20242 3.5
202418027 MI2010 20251 4.0
202418028 MI1111 20241 8.0
202418028 PH1110 20242 8.5
202418029 MI1111 20241 6.5
202418029 PH1110 20242 6.0
